<!DOCTYPE HTML PUBLIC "-//W3C//DTD HTML 4.01 Transitional//EN">
<html>
<head>
<META http-equiv="Content-Type" content="text/html; charset=UTF-8">
<!--
This HTML was auto-generated from MATLAB code.
To make changes, update the MATLAB code and republish this document.
      -->
<title>HW_1</title>
<meta name="generator" content="MATLAB 24.2">
<link rel="schema.DC" href="http://purl.org/dc/elements/1.1/">
<meta name="DC.date" content="2025-01-16">
<meta name="DC.source" content="HW_1.m">
<style type="text/css">
html,body,div,span,applet,object,iframe,h1,h2,h3,h4,h5,h6,p,blockquote,pre,a,abbr,acronym,address,big,cite,code,del,dfn,em,font,img,ins,kbd,q,s,samp,small,strike,strong,tt,var,b,u,i,center,dl,dt,dd,ol,ul,li,fieldset,form,label,legend,table,caption,tbody,tfoot,thead,tr,th,td{margin:0;padding:0;border:0;outline:0;font-size:100%;vertical-align:baseline;background:transparent}body{line-height:1}ol,ul{list-style:none}blockquote,q{quotes:none}blockquote:before,blockquote:after,q:before,q:after{content:'';content:none}:focus{outine:0}ins{text-decoration:none}del{text-decoration:line-through}table{border-collapse:collapse;border-spacing:0}

html { min-height:100%; margin-bottom:1px; }
html body { height:100%; margin:0px; font-family:Arial, Helvetica, sans-serif; font-size:10px; color:#000; line-height:140%; background:#fff none; overflow-y:scroll; }
html body td { vertical-align:top; text-align:left; }

h1 { padding:0px; margin:0px 0px 25px; font-family:Arial, Helvetica, sans-serif; font-size:1.5em; color:#d55000; line-height:100%; font-weight:normal; }
h2 { padding:0px; margin:0px 0px 8px; font-family:Arial, Helvetica, sans-serif; font-size:1.2em; color:#000; font-weight:bold; line-height:140%; border-bottom:1px solid #d6d4d4; display:block; }
h3 { padding:0px; margin:0px 0px 5px; font-family:Arial, Helvetica, sans-serif; font-size:1.1em; color:#000; font-weight:bold; line-height:140%; }

a { color:#005fce; text-decoration:none; }
a:hover { color:#005fce; text-decoration:underline; }
a:visited { color:#004aa0; text-decoration:none; }

p { padding:0px; margin:0px 0px 20px; }
img { padding:0px; margin:0px 0px 20px; border:none; }
p img, pre img, tt img, li img, h1 img, h2 img { margin-bottom:0px; }

ul { padding:0px; margin:0px 0px 20px 23px; list-style:square; }
ul li { padding:0px; margin:0px 0px 7px 0px; }
ul li ul { padding:5px 0px 0px; margin:0px 0px 7px 23px; }
ul li ol li { list-style:decimal; }
ol { padding:0px; margin:0px 0px 20px 0px; list-style:decimal; }
ol li { padding:0px; margin:0px 0px 7px 23px; list-style-type:decimal; }
ol li ol { padding:5px 0px 0px; margin:0px 0px 7px 0px; }
ol li ol li { list-style-type:lower-alpha; }
ol li ul { padding-top:7px; }
ol li ul li { list-style:square; }

.content { font-size:1.2em; line-height:140%; padding: 20px; }

pre, code { font-size:12px; }
tt { font-size: 1.2em; }
pre { margin:0px 0px 20px; }
pre.codeinput { padding:10px; border:1px solid #d3d3d3; background:#f7f7f7; }
pre.codeoutput { padding:10px 11px; margin:0px 0px 20px; color:#4c4c4c; }
pre.error { color:red; }

@media print { pre.codeinput, pre.codeoutput { word-wrap:break-word; width:100%; } }

span.keyword { color:#0000FF }
span.comment { color:#228B22 }
span.string { color:#A020F0 }
span.untermstring { color:#B20000 }
span.syscmd { color:#B28C00 }
span.typesection { color:#A0522D }

.footer { width:auto; padding:10px 0px; margin:25px 0px 0px; border-top:1px dotted #878787; font-size:0.8em; line-height:140%; font-style:italic; color:#878787; text-align:left; float:none; }
.footer p { margin:0px; }
.footer a { color:#878787; }
.footer a:hover { color:#878787; text-decoration:underline; }
.footer a:visited { color:#878787; }

table th { padding:7px 5px; text-align:left; vertical-align:middle; border: 1px solid #d6d4d4; font-weight:bold; }
table td { padding:7px 5px; text-align:left; vertical-align:top; border:1px solid #d6d4d4; }





  </style>
</head>
<body>
<div class="content">
<pre class="codeinput">clear;clc;close <span class="string">all</span>

HW_1_2

HW_1_3

HW_1_5
</pre>
<pre class="codeoutput">
Sequence 1
--------------------------
Mean A = 2.9594
Mean B = 5.1303
Mean C = 8.0897
Mean D = 29.3994
Mean E = -11.6430

Var A = 8.7966
Var B = 25.1015
Var C = 35.4116
Var D = 498.9549
Var E = 462.6320

Mean DATA = 
2.9594 5.1303 8.0897 29.3994 -11.6430

Cov DATA = 
    8.7966     0.7567     9.5534    29.4168    23.3630
    0.7567    25.1015    25.8582   102.6761   -98.1357
    9.5534    25.8582    35.4116   132.0929   -74.7727
   29.4168   102.6761   132.0929   498.9549  -322.4539
   23.3630   -98.1357   -74.7727  -322.4539   462.6320

Sequence 2
--------------------------
Mean A = 3.1047
Mean B = 4.8692
Mean C = 7.9740
Mean D = 28.7911
Mean E = -10.1627

Var A = 9.9721
Var B = 25.6329
Var C = 33.7842
Var D = 478.0252
Var E = 521.7248

Mean DATA = 
3.1047 4.8692 7.9740 28.7911 -10.1627

Cov DATA = 
    9.9721    -0.9104     9.0617    26.2746    33.5579
   -0.9104    25.6329    24.7225    99.8003  -105.2628
    9.0617    24.7225    33.7842   126.0749   -71.7049
   26.2746    99.8003   126.0749   478.0252  -320.3776
   33.5579  -105.2628   -71.7049  -320.3776   521.7248

Sequence 3
--------------------------
Mean A = 2.8967
Mean B = 5.1664
Mean C = 8.0631
Mean D = 29.3558
Mean E = -11.9753

Var A = 9.1638
Var B = 24.5058
Var C = 34.3856
Var D = 483.1588
Var E = 465.9758

Mean DATA = 
2.8967 5.1664 8.0631 29.3558 -11.9753

Cov DATA = 
    9.1638     0.3580     9.5218    28.9232    26.0594
    0.3580    24.5058    24.8638    99.0973   -96.9494
    9.5218    24.8638    34.3856   128.0205   -70.8900
   28.9232    99.0973   128.0205   483.1588  -309.6194
   26.0594   -96.9494   -70.8900  -309.6194   465.9758
</pre>
<img vspace="5" hspace="5" src="HW_1_01.png" alt=""> <img vspace="5" hspace="5" src="HW_1_02.png" alt=""> <img vspace="5" hspace="5" src="HW_1_03.png" alt=""> <img vspace="5" hspace="5" src="HW_1_04.png" alt=""> <img vspace="5" hspace="5" src="HW_1_05.png" alt=""> <img vspace="5" hspace="5" src="HW_1_06.png" alt=""> <img vspace="5" hspace="5" src="HW_1_07.png" alt=""> <img vspace="5" hspace="5" src="HW_1_08.png" alt=""> <p class="footer">
<br>
<a href="https://www.mathworks.com/products/matlab/">Published with MATLAB&reg; R2024b</a>
<br>
</p>
</div>
<!--
##### SOURCE BEGIN #####
clear;clc;close all

HW_1_2

HW_1_3

HW_1_5
##### SOURCE END #####
-->
</body>
</html>
